417 1646085523 0,200000 -1,000000 -101,000000 0,000000 0,000000
417 1646085524 0,200000 -1,000000 -101,000000 0,000000 0,000000
417 1646085525 0,200000 -1,000000 -101,000000 0,000000 0,000000
417 1646085526 0,200000 -1,000000 -101,000000 0,000000 0,000000
417 1646085527 0,200000 -1,000000 -101,000000 0,000000 0,000000
417 1646085533 0,200000 -1,000000 -101,000000 0,000000 0,000000
417 1646085534 0,200000 -1,000000 -101,000000 0,000000 0,000000
417 1646085535 0,200000 -1,000000 -101,000000 0,000000 0,000000
417 1646085536 0,200000 -1,000000 -101,000000 0,000000 0,000000
417 1646085537 0,200000 -1,000000 -101,000000 0,000000 0,000000
417 1646085568 0,200000 -1,000000 -101,000000 0,000000 0,000000
417 1646085569 0,200000 -1,000000 -101,000000 0,000000 0,000000
417 1646085570 0,200000 -1,000000 -101,000000 0,000000 0,000000
417 1646085571 0,200000 -1,000000 -101,000000 0,000000 0,000000
417 1646085572 0,200000 -1,000000 -101,000000 0,000000 0,000000
417 1646085593 0,200000 -1,000000 -101,000000 0,000000 0,000000
417 1646085594 0,200000 -1,000000 -101,000000 0,000000 0,000000
417 1646085595 0,200000 -1,000000 -101,000000 0,000000 0,000000
417 1646085596 0,200000 -1,000000 -101,000000 0,000000 0,000000
417 1646085597 0,200000 -1,000000 -101,000000 0,000000 0,000000
417 1646085618 0,200000 -1,000000 -101,000000 0,000000 0,000000
417 1646085619 0,200000 -1,000000 -101,000000 0,000000 0,000000
417 1646085620 0,200000 -1,000000 -101,000000 0,000000 0,000000
417 1646085621 0,200000 -1,000000 -101,000000 0,000000 0,000000
417 1646085622 0,200000 -1,000000 -101,000000 0,000000 0,000000
417 1646085633 0,200000 -1,000000 -101,000000 0,000000 0,000000
417 1646085634 0,200000 -1,000000 -101,000000 0,000000 0,000000
417 1646085635 0,200000 -1,000000 -101,000000 0,000000 0,000000
417 1646085636 0,200000 -1,000000 -101,000000 0,000000 0,000000
417 1646085637 0,200000 -1,000000 -101,000000 0,000000 0,000000
417 1646085648 0,200000 -1,000000 -101,000000 0,000000 0,000000
417 1646085649 0,200000 -1,000000 -101,000000 0,000000 0,000000
417 1646085650 0,200000 -1,000000 -101,000000 0,000000 0,000000
417 1646085651 0,200000 -1,000000 -101,000000 0,000000 0,000000
417 1646085652 0,200000 -1,000000 -101,000000 0,000000 0,000000
417 1646085668 0,200000 -1,000000 -101,000000 0,000000 0,000000
417 1646085669 0,200000 -1,000000 -101,000000 0,000000 0,000000
417 1646085670 0,200000 -1,000000 -101,000000 0,000000 0,000000
417 1646085671 0,200000 -1,000000 -101,000000 0,000000 0,000000
417 1646085672 0,200000 -1,000000 -101,000000 0,000000 0,000000
417 1646085688 0,200000 -1,000000 -101,000000 0,000000 0,000000
417 1646085689 0,200000 -1,000000 -101,000000 0,000000 0,000000
417 1646085690 0,200000 -1,000000 -101,000000 0,000000 0,000000
417 1646085691 0,200000 -1,000000 -101,000000 0,000000 0,000000
417 1646085692 0,200000 -1,000000 -101,000000 0,000000 0,000000
417 1646085713 0,200000 -1,000000 -101,000000 0,000000 0,000000
417 1646085714 0,200000 -1,000000 -101,000000 0,000000 0,000000
417 1646085715 0,200000 -1,000000 -101,000000 0,000000 0,000000
417 1646085716 0,200000 -1,000000 -101,000000 0,000000 0,000000
417 1646085717 0,200000 -1,000000 -101,000000 0,000000 0,000000
417 1646085733 0,200000 -1,000000 -101,000000 0,000000 0,000000
417 1646085734 0,200000 -1,000000 -101,000000 0,000000 0,000000
417 1646085735 0,200000 -1,000000 -101,000000 0,000000 0,000000
417 1646085736 0,200000 -1,000000 -101,000000 0,000000 0,000000
417 1646085737 0,200000 -1,000000 -101,000000 0,000000 0,000000
417 1646085758 0,200000 -1,000000 -101,000000 0,000000 0,000000
417 1646085759 0,200000 -1,000000 -101,000000 0,000000 0,000000
417 1646085760 0,200000 -1,000000 -101,000000 0,000000 0,000000
417 1646085761 0,200000 -1,000000 -101,000000 0,000000 0,000000
417 1646085762 0,200000 -1,000000 -101,000000 0,000000 0,000000
417 1646085818 0,200000 -1,000000 -101,000000 0,000000 0,000000
417 1646085819 0,200000 -1,000000 -101,000000 0,000000 0,000000
417 1646085820 0,200000 -1,000000 -101,000000 0,000000 0,000000
417 1646085821 0,200000 -1,000000 -101,000000 0,000000 0,000000
417 1646085822 0,200000 -1,000000 -101,000000 0,000000 0,000000
417 1646085828 0,200000 -1,000000 -101,000000 0,000000 0,000000
417 1646085829 0,200000 -1,000000 -101,000000 0,000000 0,000000
417 1646085830 0,200000 -1,000000 -101,000000 0,000000 0,000000
417 1646085831 0,200000 -1,000000 -101,000000 0,000000 0,000000
417 1646085832 0,200000 -1,000000 -101,000000 0,000000 0,000000
417 1646085863 0,200000 -1,000000 -101,000000 0,000000 0,000000
417 1646085864 0,200000 -1,000000 -101,000000 0,000000 0,000000
417 1646085865 0,200000 -1,000000 -101,000000 0,000000 0,000000
417 1646085866 0,200000 -1,000000 -101,000000 0,000000 0,000000
417 1646085867 0,200000 -1,000000 -101,000000 0,000000 0,000000
417 1646085913 0,200000 -1,000000 -101,000000 0,000000 0,000000
417 1646085914 0,200000 -1,000000 -101,000000 0,000000 0,000000
417 1646085915 0,200000 -1,000000 -101,000000 0,000000 0,000000
417 1646085916 0,200000 -1,000000 -101,000000 0,000000 0,000000
417 1646085917 0,200000 -1,000000 -101,000000 0,000000 0,000000
417 1646085918 0,200000 -1,000000 -101,000000 0,000000 0,000000
417 1646085919 0,200000 -1,000000 -101,000000 0,000000 0,000000
417 1646085920 0,200000 -1,000000 -101,000000 0,000000 0,000000
417 1646085921 0,200000 -1,000000 -101,000000 0,000000 0,000000
417 1646085922 0,200000 -1,000000 -101,000000 0,000000 0,000000
417 1646085928 0,200000 -1,000000 -101,000000 0,000000 0,000000
417 1646085929 0,200000 -1,000000 -101,000000 0,000000 0,000000
417 1646085930 0,200000 -1,000000 -101,000000 0,000000 0,000000
417 1646085931 0,200000 -1,000000 -101,000000 0,000000 0,000000
417 1646085932 0,200000 -1,000000 -101,000000 0,000000 0,000000
417 1646085938 0,200000 -1,000000 -101,000000 0,000000 0,000000
417 1646085939 0,200000 -1,000000 -101,000000 0,000000 0,000000
417 1646085940 0,200000 -1,000000 -101,000000 0,000000 0,000000
417 1646085941 0,200000 -1,000000 -101,000000 0,000000 0,000000
417 1646085942 0,200000 -1,000000 -101,000000 0,000000 0,000000
417 1646085943 0,400000 -1,000000 -101,000000 0,000000 0,000000
417 1646085944 0,400000 -1,000000 -101,000000 0,000000 0,000000
417 1646085945 0,400000 -1,000000 -101,000000 0,000000 0,000000
417 1646085946 0,400000 -1,000000 -101,000000 0,000000 0,000000
417 1646085947 0,400000 -1,000000 -101,000000 0,000000 0,000000
417 1646085993 0,200000 -1,000000 -101,000000 0,000000 0,000000
417 1646085994 0,200000 -1,000000 -101,000000 0,000000 0,000000
417 1646085995 0,200000 -1,000000 -101,000000 0,000000 0,000000
417 1646085996 0,200000 -1,000000 -101,000000 0,000000 0,000000
417 1646085997 0,200000 -1,000000 -101,000000 0,000000 0,000000
417 1646086013 0,200000 -1,000000 -101,000000 0,000000 0,000000
417 1646086014 0,200000 -1,000000 -101,000000 0,000000 0,000000
417 1646086015 0,200000 -1,000000 -101,000000 0,000000 0,000000
417 1646086016 0,200000 -1,000000 -101,000000 0,000000 0,000000
417 1646086017 0,200000 -1,000000 -101,000000 0,000000 0,000000
417 1646086018 0,200000 -1,000000 -101,000000 0,000000 0,000000
417 1646086019 0,200000 -1,000000 -101,000000 0,000000 0,000000
417 1646086020 0,200000 -1,000000 -101,000000 0,000000 0,000000
417 1646086021 0,200000 -1,000000 -101,000000 0,000000 0,000000
417 1646086022 0,200000 -1,000000 -101,000000 0,000000 0,000000
417 1646086092 0,200000 -1,000000 0,200000 0,200000 0,008000
417 1646086091 0,200000 -1,000000 0,200000 0,200000 0,008000
417 1646086090 0,200000 -1,000000 0,200000 0,200000 0,008000
417 1646086089 0,200000 -1,000000 0,200000 0,200000 0,008000
417 1646086088 0,200000 -1,000000 0,200000 0,200000 0,008000
417 1646086087 0,200000 -1,000000 0,200000 0,200000 0,008000
417 1646086086 0,200000 -1,000000 0,200000 0,200000 0,008000
417 1646086085 0,200000 -1,000000 0,200000 0,200000 0,008000
417 1646086084 0,200000 -1,000000 0,200000 0,200000 0,008000
417 1646086083 0,200000 -1,000000 0,200000 0,200000 0,008000
417 1646086067 0,200000 -1,000000 0,200000 0,200000 0,008000
417 1646086066 0,200000 -1,000000 0,200000 0,200000 0,008000
417 1646086065 0,200000 -1,000000 0,200000 0,200000 0,008000
417 1646086064 0,200000 -1,000000 0,200000 0,200000 0,008000
417 1646086063 0,200000 -1,000000 0,200000 0,200000 0,008000
417 1646086052 0,200000 -1,000000 0,200000 0,200000 0,008000
417 1646086051 0,200000 -1,000000 0,200000 0,200000 0,008000
417 1646086050 0,200000 -1,000000 0,200000 0,200000 0,008000
417 1646086049 0,200000 -1,000000 0,200000 0,200000 0,008000
417 1646086048 0,200000 -1,000000 0,200000 0,200000 0,008000
417 1646086047 0,200000 -1,000000 0,200000 0,200000 0,008000
417 1646086046 0,200000 -1,000000 0,200000 0,200000 0,008000
417 1646086045 0,200000 -1,000000 0,200000 0,200000 0,008000
417 1646086044 0,200000 -1,000000 0,200000 0,200000 0,008000
417 1646086043 0,200000 -1,000000 0,200000 0,200000 0,008000
417 1646086043 0,200000 -1,000000 -101,000000 0,000000 0,000000
417 1646086044 0,200000 -1,000000 -101,000000 0,000000 0,000000
417 1646086045 0,200000 -1,000000 -101,000000 0,000000 0,000000
417 1646086046 0,200000 -1,000000 -101,000000 0,000000 0,000000
417 1646086047 0,200000 -1,000000 -101,000000 0,000000 0,000000
417 1646086048 0,200000 -1,000000 -101,000000 0,000000 0,000000
417 1646086049 0,200000 -1,000000 -101,000000 0,000000 0,000000
417 1646086050 0,200000 -1,000000 -101,000000 0,000000 0,000000
417 1646086051 0,200000 -1,000000 -101,000000 0,000000 0,000000
417 1646086052 0,200000 -1,000000 -101,000000 0,000000 0,000000
417 1646086063 0,200000 -1,000000 -101,000000 0,000000 0,000000
417 1646086064 0,200000 -1,000000 -101,000000 0,000000 0,000000
417 1646086065 0,200000 -1,000000 -101,000000 0,000000 0,000000
417 1646086066 0,200000 -1,000000 -101,000000 0,000000 0,000000
417 1646086067 0,200000 -1,000000 -101,000000 0,000000 0,000000
417 1646086083 0,200000 -1,000000 -101,000000 0,000000 0,000000
417 1646086084 0,200000 -1,000000 -101,000000 0,000000 0,000000
417 1646086085 0,200000 -1,000000 -101,000000 0,000000 0,000000
417 1646086086 0,200000 -1,000000 -101,000000 0,000000 0,000000
417 1646086087 0,200000 -1,000000 -101,000000 0,000000 0,000000
417 1646086088 0,200000 -1,000000 -101,000000 0,000000 0,000000
417 1646086089 0,200000 -1,000000 -101,000000 0,000000 0,000000
417 1646086090 0,200000 -1,000000 -101,000000 0,000000 0,000000
417 1646086091 0,200000 -1,000000 -101,000000 0,000000 0,000000
417 1646086092 0,200000 -1,000000 -101,000000 0,000000 0,000000
417 1646086108 0,200000 -1,000000 -101,000000 0,000000 0,000000
417 1646086109 0,200000 -1,000000 -101,000000 0,000000 0,000000
417 1646086110 0,200000 -1,000000 -101,000000 0,000000 0,000000
417 1646086111 0,200000 -1,000000 -101,000000 0,000000 0,000000
417 1646086112 0,200000 -1,000000 -101,000000 0,000000 0,000000
417 1646086138 0,400000 -1,000000 -101,000000 0,000000 0,000000
417 1646086139 0,400000 -1,000000 -101,000000 0,000000 0,000000
417 1646086140 0,400000 -1,000000 -101,000000 0,000000 0,000000
417 1646086141 0,400000 -1,000000 -101,000000 0,000000 0,000000
417 1646086142 0,400000 -1,000000 -101,000000 0,000000 0,000000
417 1646086168 0,200000 -1,000000 -101,000000 0,000000 0,000000
417 1646086169 0,200000 -1,000000 -101,000000 0,000000 0,000000
417 1646086170 0,200000 -1,000000 -101,000000 0,000000 0,000000
417 1646086171 0,200000 -1,000000 -101,000000 0,000000 0,000000
417 1646086172 0,200000 -1,000000 -101,000000 0,000000 0,000000
417 1646086238 0,600000 -1,000000 -101,000000 0,000000 0,000000
417 1646086239 0,600000 -1,000000 -101,000000 0,000000 0,000000
417 1646086240 0,600000 -1,000000 -101,000000 0,000000 0,000000
417 1646086241 0,600000 -1,000000 -101,000000 0,000000 0,000000
417 1646086242 0,600000 -1,000000 -101,000000 0,000000 0,000000
417 1646086243 0,200000 -1,000000 -101,000000 0,000000 0,000000
417 1646086244 0,200000 -1,000000 -101,000000 0,000000 0,000000
417 1646086245 0,200000 -1,000000 -101,000000 0,000000 0,000000
417 1646086246 0,200000 -1,000000 -101,000000 0,000000 0,000000
417 1646086247 0,200000 -1,000000 -101,000000 0,000000 0,000000
417 1646086248 0,400000 -1,000000 -101,000000 0,000000 0,000000
417 1646086249 0,400000 -1,000000 -101,000000 0,000000 0,000000
417 1646086250 0,400000 -1,000000 -101,000000 0,000000 0,000000
417 1646086251 0,400000 -1,000000 -101,000000 0,000000 0,000000
417 1646086252 0,400000 -1,000000 -101,000000 0,000000 0,000000
417 1646086258 0,200000 -1,000000 -101,000000 0,000000 0,000000
417 1646086259 0,200000 -1,000000 -101,000000 0,000000 0,000000
417 1646086260 0,200000 -1,000000 -101,000000 0,000000 0,000000
417 1646086261 0,200000 -1,000000 -101,000000 0,000000 0,000000
417 1646086262 0,200000 -1,000000 -101,000000 0,000000 0,000000
417 1646086288 0,200000 -1,000000 -101,000000 0,000000 0,000000
417 1646086289 0,200000 -1,000000 -101,000000 0,000000 0,000000
417 1646086290 0,200000 -1,000000 -101,000000 0,000000 0,000000
417 1646086291 0,200000 -1,000000 -101,000000 0,000000 0,000000
417 1646086292 0,200000 -1,000000 -101,000000 0,000000 0,000000
417 1646086338 0,200000 -1,000000 -101,000000 0,000000 0,000000
417 1646086339 0,200000 -1,000000 -101,000000 0,000000 0,000000
417 1646086340 0,200000 -1,000000 -101,000000 0,000000 0,000000
417 1646086341 0,200000 -1,000000 -101,000000 0,000000 0,000000
417 1646086342 0,200000 -1,000000 -101,000000 0,000000 0,000000
417 1646086348 0,200000 -1,000000 -101,000000 0,000000 0,000000
417 1646086349 0,200000 -1,000000 -101,000000 0,000000 0,000000
417 1646086350 0,200000 -1,000000 -101,000000 0,000000 0,000000
417 1646086351 0,200000 -1,000000 -101,000000 0,000000 0,000000
417 1646086352 0,200000 -1,000000 -101,000000 0,000000 0,000000
417 1646086353 0,200000 -1,000000 -101,000000 0,000000 0,000000
417 1646086354 0,200000 -1,000000 -101,000000 0,000000 0,000000
417 1646086355 0,200000 -1,000000 -101,000000 0,000000 0,000000
417 1646086356 0,200000 -1,000000 -101,000000 0,000000 0,000000
417 1646086357 0,200000 -1,000000 -101,000000 0,000000 0,000000
417 1646086358 0,200000 -1,000000 -101,000000 0,000000 0,000000
417 1646086359 0,200000 -1,000000 -101,000000 0,000000 0,000000
417 1646086360 0,200000 -1,000000 -101,000000 0,000000 0,000000
417 1646086361 0,200000 -1,000000 -101,000000 0,000000 0,000000
417 1646086362 0,200000 -1,000000 -101,000000 0,000000 0,000000
417 1646086363 0,200000 -1,000000 -101,000000 0,000000 0,000000
417 1646086364 0,200000 -1,000000 -101,000000 0,000000 0,000000
417 1646086365 0,200000 -1,000000 -101,000000 0,000000 0,000000
417 1646086366 0,200000 -1,000000 -101,000000 0,000000 0,000000
417 1646086367 0,200000 -1,000000 -101,000000 0,000000 0,000000
417 1646086368 0,200000 -1,000000 -101,000000 0,000000 0,000000
417 1646086369 0,200000 -1,000000 -101,000000 0,000000 0,000000
417 1646086370 0,200000 -1,000000 -101,000000 0,000000 0,000000
417 1646086371 0,200000 -1,000000 -101,000000 0,000000 0,000000
417 1646086372 0,200000 -1,000000 -101,000000 0,000000 0,000000
417 1646086413 0,400000 -1,000000 -101,000000 0,000000 0,000000
417 1646086414 0,400000 -1,000000 -101,000000 0,000000 0,000000
417 1646086415 0,400000 -1,000000 -101,000000 0,000000 0,000000
417 1646086416 0,400000 -1,000000 -101,000000 0,000000 0,000000
417 1646086417 0,400000 -1,000000 -101,000000 0,000000 0,000000
417 1646086453 0,200000 -1,000000 -101,000000 0,000000 0,000000
417 1646086454 0,200000 -1,000000 -101,000000 0,000000 0,000000
417 1646086455 0,200000 -1,000000 -101,000000 0,000000 0,000000
417 1646086456 0,200000 -1,000000 -101,000000 0,000000 0,000000
417 1646086457 0,200000 -1,000000 -101,000000 0,000000 0,000000
417 1646086458 0,800000 -1,000000 -101,000000 0,000000 0,000000
417 1646086459 0,800000 -1,000000 -101,000000 0,000000 0,000000
417 1646086460 0,800000 -1,000000 -101,000000 0,000000 0,000000
417 1646086461 0,800000 -1,000000 -101,000000 0,000000 0,000000
417 1646086462 0,800000 -1,000000 -101,000000 0,000000 0,000000
417 1646086478 0,200000 -1,000000 -101,000000 0,000000 0,000000
417 1646086479 0,200000 -1,000000 -101,000000 0,000000 0,000000
417 1646086480 0,200000 -1,000000 -101,000000 0,000000 0,000000
417 1646086481 0,200000 -1,000000 -101,000000 0,000000 0,000000
417 1646086482 0,200000 -1,000000 -101,000000 0,000000 0,000000
417 1646086508 0,200000 -1,000000 -101,000000 0,000000 0,000000
417 1646086509 0,200000 -1,000000 -101,000000 0,000000 0,000000
417 1646086510 0,200000 -1,000000 -101,000000 0,000000 0,000000
417 1646086511 0,200000 -1,000000 -101,000000 0,000000 0,000000
417 1646086512 0,200000 -1,000000 -101,000000 0,000000 0,000000
417 1646086538 0,200000 -1,000000 -101,000000 0,000000 0,000000
417 1646086539 0,200000 -1,000000 -101,000000 0,000000 0,000000
417 1646086540 0,200000 -1,000000 -101,000000 0,000000 0,000000
417 1646086541 0,200000 -1,000000 -101,000000 0,000000 0,000000
417 1646086542 0,200000 -1,000000 -101,000000 0,000000 0,000000
417 1646086558 0,200000 -1,000000 -101,000000 0,000000 0,000000
417 1646086559 0,200000 -1,000000 -101,000000 0,000000 0,000000
417 1646086560 0,200000 -1,000000 -101,000000 0,000000 0,000000
417 1646086561 0,200000 -1,000000 -101,000000 0,000000 0,000000
417 1646086562 0,200000 -1,000000 -101,000000 0,000000 0,000000
417 1646086573 0,200000 -1,000000 -101,000000 0,000000 0,000000
417 1646086574 0,200000 -1,000000 -101,000000 0,000000 0,000000
417 1646086575 0,200000 -1,000000 -101,000000 0,000000 0,000000
417 1646086576 0,200000 -1,000000 -101,000000 0,000000 0,000000
417 1646086577 0,200000 -1,000000 -101,000000 0,000000 0,000000
417 1646086603 0,200000 -1,000000 -101,000000 0,000000 0,000000
417 1646086604 0,200000 -1,000000 -101,000000 0,000000 0,000000
417 1646086605 0,200000 -1,000000 -101,000000 0,000000 0,000000
417 1646086606 0,200000 -1,000000 -101,000000 0,000000 0,000000
417 1646086607 0,200000 -1,000000 -101,000000 0,000000 0,000000
417 1646086628 0,200000 -1,000000 -101,000000 0,000000 0,000000
417 1646086629 0,200000 -1,000000 -101,000000 0,000000 0,000000
417 1646086630 0,200000 -1,000000 -101,000000 0,000000 0,000000
417 1646086631 0,200000 -1,000000 -101,000000 0,000000 0,000000
417 1646086632 0,200000 -1,000000 -101,000000 0,000000 0,000000
417 1646086658 0,200000 -1,000000 -101,000000 0,000000 0,000000
417 1646086659 0,200000 -1,000000 -101,000000 0,000000 0,000000
417 1646086660 0,200000 -1,000000 -101,000000 0,000000 0,000000
417 1646086661 0,200000 -1,000000 -101,000000 0,000000 0,000000
417 1646086662 0,200000 -1,000000 -101,000000 0,000000 0,000000
417 1646086683 0,600000 -1,000000 -101,000000 0,000000 0,000000
417 1646086684 0,600000 -1,000000 -101,000000 0,000000 0,000000
417 1646086685 0,600000 -1,000000 -101,000000 0,000000 0,000000
417 1646086686 0,600000 -1,000000 -101,000000 0,000000 0,000000
417 1646086687 0,600000 -1,000000 -101,000000 0,000000 0,000000
417 1646086688 0,200000 -1,000000 -101,000000 0,000000 0,000000
417 1646086689 0,200000 -1,000000 -101,000000 0,000000 0,000000
417 1646086690 0,200000 -1,000000 -101,000000 0,000000 0,000000
417 1646086691 0,200000 -1,000000 -101,000000 0,000000 0,000000
417 1646086692 0,200000 -1,000000 -101,000000 0,000000 0,000000
417 1646086698 0,200000 -1,000000 -101,000000 0,000000 0,000000
417 1646086699 0,200000 -1,000000 -101,000000 0,000000 0,000000
417 1646086700 0,200000 -1,000000 -101,000000 0,000000 0,000000
417 1646086701 0,200000 -1,000000 -101,000000 0,000000 0,000000
417 1646086702 0,200000 -1,000000 -101,000000 0,000000 0,000000
417 1646086703 0,200000 -1,000000 -101,000000 0,000000 0,000000
417 1646086704 0,200000 -1,000000 -101,000000 0,000000 0,000000
417 1646086705 0,200000 -1,000000 -101,000000 0,000000 0,000000
417 1646086706 0,200000 -1,000000 -101,000000 0,000000 0,000000
417 1646086707 0,200000 -1,000000 -101,000000 0,000000 0,000000
417 1646086813 0,600000 -1,000000 -101,000000 0,000000 0,000000
417 1646086814 0,600000 -1,000000 -101,000000 0,000000 0,000000
417 1646086815 0,600000 -1,000000 -101,000000 0,000000 0,000000
417 1646086816 0,600000 -1,000000 -101,000000 0,000000 0,000000
417 1646086817 0,600000 -1,000000 -101,000000 0,000000 0,000000
417 1646086818 0,600000 -1,000000 -101,000000 0,000000 0,000000
417 1646086819 0,600000 -1,000000 -101,000000 0,000000 0,000000
417 1646086820 0,600000 -1,000000 -101,000000 0,000000 0,000000
417 1646086821 0,600000 -1,000000 -101,000000 0,000000 0,000000
417 1646086822 0,600000 -1,000000 -101,000000 0,000000 0,000000
417 1646086828 0,200000 -1,000000 -101,000000 0,000000 0,000000
417 1646086829 0,200000 -1,000000 -101,000000 0,000000 0,000000
417 1646086830 0,200000 -1,000000 -101,000000 0,000000 0,000000
417 1646086831 0,200000 -1,000000 -101,000000 0,000000 0,000000
417 1646086832 0,200000 -1,000000 -101,000000 0,000000 0,000000
417 1646086848 0,200000 -1,000000 -101,000000 0,000000 0,000000
417 1646086849 0,200000 -1,000000 -101,000000 0,000000 0,000000
417 1646086850 0,200000 -1,000000 -101,000000 0,000000 0,000000
417 1646086851 0,200000 -1,000000 -101,000000 0,000000 0,000000
417 1646086852 0,200000 -1,000000 -101,000000 0,000000 0,000000
417 1646086853 0,400000 -1,000000 -101,000000 0,000000 0,000000
417 1646086854 0,400000 -1,000000 -101,000000 0,000000 0,000000
417 1646086855 0,400000 -1,000000 -101,000000 0,000000 0,000000
417 1646086856 0,400000 -1,000000 -101,000000 0,000000 0,000000
417 1646086857 0,400000 -1,000000 -101,000000 0,000000 0,000000
417 1646086868 0,200000 -1,000000 -101,000000 0,000000 0,000000
417 1646086869 0,200000 -1,000000 -101,000000 0,000000 0,000000
417 1646086870 0,200000 -1,000000 -101,000000 0,000000 0,000000
417 1646086871 0,200000 -1,000000 -101,000000 0,000000 0,000000
417 1646086872 0,200000 -1,000000 -101,000000 0,000000 0,000000
417 1646086898 0,200000 -1,000000 -101,000000 0,000000 0,000000
417 1646086899 0,200000 -1,000000 -101,000000 0,000000 0,000000
417 1646086900 0,200000 -1,000000 -101,000000 0,000000 0,000000
417 1646086901 0,200000 -1,000000 -101,000000 0,000000 0,000000
417 1646086902 0,200000 -1,000000 -101,000000 0,000000 0,000000
417 1646086903 0,200000 -1,000000 -101,000000 0,000000 0,000000
417 1646086904 0,200000 -1,000000 -101,000000 0,000000 0,000000
417 1646086905 0,200000 -1,000000 -101,000000 0,000000 0,000000
417 1646086906 0,200000 -1,000000 -101,000000 0,000000 0,000000
417 1646086907 0,200000 -1,000000 -101,000000 0,000000 0,000000
417 1646086913 0,200000 -1,000000 -101,000000 0,000000 0,000000
417 1646086914 0,200000 -1,000000 -101,000000 0,000000 0,000000
417 1646086915 0,200000 -1,000000 -101,000000 0,000000 0,000000
417 1646086916 0,200000 -1,000000 -101,000000 0,000000 0,000000
417 1646086917 0,200000 -1,000000 -101,000000 0,000000 0,000000
417 1646086933 0,200000 -1,000000 -101,000000 0,000000 0,000000
417 1646086934 0,200000 -1,000000 -101,000000 0,000000 0,000000
417 1646086935 0,200000 -1,000000 -101,000000 0,000000 0,000000
417 1646086936 0,200000 -1,000000 -101,000000 0,000000 0,000000
417 1646086937 0,200000 -1,000000 -101,000000 0,000000 0,000000
417 1646086943 0,200000 -1,000000 -101,000000 0,000000 0,000000
417 1646086944 0,200000 -1,000000 -101,000000 0,000000 0,000000
417 1646086945 0,200000 -1,000000 -101,000000 0,000000 0,000000
417 1646086946 0,200000 -1,000000 -101,000000 0,000000 0,000000
417 1646086947 0,200000 -1,000000 -101,000000 0,000000 0,000000
417 1646086948 0,200000 -1,000000 -101,000000 0,000000 0,000000
417 1646086949 0,200000 -1,000000 -101,000000 0,000000 0,000000
417 1646086950 0,200000 -1,000000 -101,000000 0,000000 0,000000
417 1646086951 0,200000 -1,000000 -101,000000 0,000000 0,000000
417 1646086952 0,200000 -1,000000 -101,000000 0,000000 0,000000
417 1646086958 0,400000 -1,000000 -101,000000 0,000000 0,000000
417 1646086959 0,400000 -1,000000 -101,000000 0,000000 0,000000
417 1646086960 0,400000 -1,000000 -101,000000 0,000000 0,000000
417 1646086961 0,400000 -1,000000 -101,000000 0,000000 0,000000
417 1646086962 0,400000 -1,000000 -101,000000 0,000000 0,000000
417 1646087073 0,200000 -1,000000 -101,000000 0,000000 0,000000
417 1646087074 0,200000 -1,000000 -101,000000 0,000000 0,000000
417 1646087075 0,200000 -1,000000 -101,000000 0,000000 0,000000
417 1646087076 0,200000 -1,000000 -101,000000 0,000000 0,000000
417 1646087077 0,200000 -1,000000 -101,000000 0,000000 0,000000
417 1646087093 0,400000 -1,000000 -101,000000 0,000000 0,000000
417 1646087094 0,400000 -1,000000 -101,000000 0,000000 0,000000
417 1646087095 0,400000 -1,000000 -101,000000 0,000000 0,000000
417 1646087096 0,400000 -1,000000 -101,000000 0,000000 0,000000
417 1646087097 0,400000 -1,000000 -101,000000 0,000000 0,000000
417 1646087108 0,200000 -1,000000 -101,000000 0,000000 0,000000
417 1646087109 0,200000 -1,000000 -101,000000 0,000000 0,000000
417 1646087110 0,200000 -1,000000 -101,000000 0,000000 0,000000
417 1646087111 0,200000 -1,000000 -101,000000 0,000000 0,000000
417 1646087112 0,200000 -1,000000 -101,000000 0,000000 0,000000
417 1646087128 0,200000 -1,000000 -101,000000 0,000000 0,000000
417 1646087129 0,200000 -1,000000 -101,000000 0,000000 0,000000
417 1646087130 0,200000 -1,000000 -101,000000 0,000000 0,000000
417 1646087131 0,200000 -1,000000 -101,000000 0,000000 0,000000
417 1646087132 0,200000 -1,000000 -101,000000 0,000000 0,000000
417 1646087133 0,200000 -1,000000 -101,000000 0,000000 0,000000
417 1646087134 0,200000 -1,000000 -101,000000 0,000000 0,000000
417 1646087135 0,200000 -1,000000 -101,000000 0,000000 0,000000
417 1646087136 0,200000 -1,000000 -101,000000 0,000000 0,000000
417 1646087137 0,200000 -1,000000 -101,000000 0,000000 0,000000
417 1646087168 0,200000 -1,000000 -101,000000 0,000000 0,000000
417 1646087169 0,200000 -1,000000 -101,000000 0,000000 0,000000
417 1646087170 0,200000 -1,000000 -101,000000 0,000000 0,000000
417 1646087171 0,200000 -1,000000 -101,000000 0,000000 0,000000
417 1646087172 0,200000 -1,000000 -101,000000 0,000000 0,000000
417 1646087203 0,200000 -1,000000 -101,000000 0,000000 0,000000
417 1646087204 0,200000 -1,000000 -101,000000 0,000000 0,000000
417 1646087205 0,200000 -1,000000 -101,000000 0,000000 0,000000
417 1646087206 0,200000 -1,000000 -101,000000 0,000000 0,000000
417 1646087207 0,200000 -1,000000 -101,000000 0,000000 0,000000
417 1646087208 0,200000 -1,000000 -101,000000 0,000000 0,000000
417 1646087209 0,200000 -1,000000 -101,000000 0,000000 0,000000
417 1646087210 0,200000 -1,000000 -101,000000 0,000000 0,000000
417 1646087211 0,200000 -1,000000 -101,000000 0,000000 0,000000
417 1646087212 0,200000 -1,000000 -101,000000 0,000000 0,000000
417 1646087213 0,200000 -1,000000 -101,000000 0,000000 0,000000
417 1646087214 0,200000 -1,000000 -101,000000 0,000000 0,000000
417 1646087215 0,200000 -1,000000 -101,000000 0,000000 0,000000
417 1646087216 0,200000 -1,000000 -101,000000 0,000000 0,000000
417 1646087217 0,200000 -1,000000 -101,000000 0,000000 0,000000
417 1646087218 0,200000 -1,000000 -101,000000 0,000000 0,000000
417 1646087219 0,200000 -1,000000 -101,000000 0,000000 0,000000
417 1646087220 0,200000 -1,000000 -101,000000 0,000000 0,000000
417 1646087221 0,200000 -1,000000 -101,000000 0,000000 0,000000
417 1646087222 0,200000 -1,000000 -101,000000 0,000000 0,000000
417 1646087238 0,200000 -1,000000 -101,000000 0,000000 0,000000
417 1646087239 0,200000 -1,000000 -101,000000 0,000000 0,000000
417 1646087240 0,200000 -1,000000 -101,000000 0,000000 0,000000
417 1646087241 0,200000 -1,000000 -101,000000 0,000000 0,000000
417 1646087242 0,200000 -1,000000 -101,000000 0,000000 0,000000
417 1646087243 0,200000 -1,000000 -101,000000 0,000000 0,000000
417 1646087244 0,200000 -1,000000 -101,000000 0,000000 0,000000
417 1646087245 0,200000 -1,000000 -101,000000 0,000000 0,000000
417 1646087246 0,200000 -1,000000 -101,000000 0,000000 0,000000
417 1646087247 0,200000 -1,000000 -101,000000 0,000000 0,000000
417 1646087248 0,800000 -1,000000 -101,000000 0,000000 0,000000
417 1646087249 0,800000 -1,000000 -101,000000 0,000000 0,000000
417 1646087250 0,800000 -1,000000 -101,000000 0,000000 0,000000
417 1646087251 0,800000 -1,000000 -101,000000 0,000000 0,000000
417 1646087252 0,800000 -1,000000 -101,000000 0,000000 0,000000
417 1646087263 0,200000 -1,000000 -101,000000 0,000000 0,000000
417 1646087264 0,200000 -1,000000 -101,000000 0,000000 0,000000
417 1646087265 0,200000 -1,000000 -101,000000 0,000000 0,000000
417 1646087266 0,200000 -1,000000 -101,000000 0,000000 0,000000
417 1646087267 0,200000 -1,000000 -101,000000 0,000000 0,000000
417 1646087293 0,200000 -1,000000 -101,000000 0,000000 0,000000
417 1646087294 0,200000 -1,000000 -101,000000 0,000000 0,000000
417 1646087295 0,200000 -1,000000 -101,000000 0,000000 0,000000
417 1646087296 0,200000 -1,000000 -101,000000 0,000000 0,000000
417 1646087297 0,200000 -1,000000 -101,000000 0,000000 0,000000
417 1646087308 0,200000 -1,000000 -101,000000 0,000000 0,000000
417 1646087309 0,200000 -1,000000 -101,000000 0,000000 0,000000
417 1646087310 0,200000 -1,000000 -101,000000 0,000000 0,000000
417 1646087311 0,200000 -1,000000 -101,000000 0,000000 0,000000
417 1646087312 0,200000 -1,000000 -101,000000 0,000000 0,000000
417 1646087318 0,200000 -1,000000 -101,000000 0,000000 0,000000
417 1646087319 0,200000 -1,000000 -101,000000 0,000000 0,000000
417 1646087320 0,200000 -1,000000 -101,000000 0,000000 0,000000
417 1646087321 0,200000 -1,000000 -101,000000 0,000000 0,000000
417 1646087322 0,200000 -1,000000 -101,000000 0,000000 0,000000
417 1646087328 0,200000 -1,000000 -101,000000 0,000000 0,000000
417 1646087329 0,200000 -1,000000 -101,000000 0,000000 0,000000
417 1646087330 0,200000 -1,000000 -101,000000 0,000000 0,000000
417 1646087331 0,200000 -1,000000 -101,000000 0,000000 0,000000
417 1646087332 0,200000 -1,000000 -101,000000 0,000000 0,000000
417 1646087363 0,200000 -1,000000 -101,000000 0,000000 0,000000
417 1646087364 0,200000 -1,000000 -101,000000 0,000000 0,000000
417 1646087365 0,200000 -1,000000 -101,000000 0,000000 0,000000
417 1646087366 0,200000 -1,000000 -101,000000 0,000000 0,000000
417 1646087367 0,200000 -1,000000 -101,000000 0,000000 0,000000
417 1646087383 0,200000 -1,000000 -101,000000 0,000000 0,000000
417 1646087384 0,200000 -1,000000 -101,000000 0,000000 0,000000
417 1646087385 0,200000 -1,000000 -101,000000 0,000000 0,000000
417 1646087386 0,200000 -1,000000 -101,000000 0,000000 0,000000
417 1646087387 0,200000 -1,000000 -101,000000 0,000000 0,000000
417 1646087388 0,200000 -1,000000 -101,000000 0,000000 0,000000
417 1646087389 0,200000 -1,000000 -101,000000 0,000000 0,000000
417 1646087390 0,200000 -1,000000 -101,000000 0,000000 0,000000
417 1646087391 0,200000 -1,000000 -101,000000 0,000000 0,000000
417 1646087392 0,200000 -1,000000 -101,000000 0,000000 0,000000
417 1646087398 0,200000 -1,000000 -101,000000 0,000000 0,000000
417 1646087399 0,200000 -1,000000 -101,000000 0,000000 0,000000
417 1646087400 0,200000 -1,000000 -101,000000 0,000000 0,000000
417 1646087401 0,200000 -1,000000 -101,000000 0,000000 0,000000
417 1646087402 0,200000 -1,000000 -101,000000 0,000000 0,000000
417 1646087403 0,200000 -1,000000 -101,000000 0,000000 0,000000
417 1646087404 0,200000 -1,000000 -101,000000 0,000000 0,000000
417 1646087405 0,200000 -1,000000 -101,000000 0,000000 0,000000
417 1646087406 0,200000 -1,000000 -101,000000 0,000000 0,000000
417 1646087407 0,200000 -1,000000 -101,000000 0,000000 0,000000
417 1646087408 0,200000 -1,000000 -101,000000 0,000000 0,000000
417 1646087409 0,200000 -1,000000 -101,000000 0,000000 0,000000
417 1646087410 0,200000 -1,000000 -101,000000 0,000000 0,000000
417 1646087411 0,200000 -1,000000 -101,000000 0,000000 0,000000
417 1646087412 0,200000 -1,000000 -101,000000 0,000000 0,000000
417 1646087418 0,200000 -1,000000 -101,000000 0,000000 0,000000
417 1646087419 0,200000 -1,000000 -101,000000 0,000000 0,000000
417 1646087420 0,200000 -1,000000 -101,000000 0,000000 0,000000
417 1646087421 0,200000 -1,000000 -101,000000 0,000000 0,000000
417 1646087422 0,200000 -1,000000 -101,000000 0,000000 0,000000
417 1646087428 0,200000 -1,000000 -101,000000 0,000000 0,000000
417 1646087429 0,200000 -1,000000 -101,000000 0,000000 0,000000
417 1646087430 0,200000 -1,000000 -101,000000 0,000000 0,000000
417 1646087431 0,200000 -1,000000 -101,000000 0,000000 0,000000
417 1646087432 0,200000 -1,000000 -101,000000 0,000000 0,000000
417 1646087503 0,200000 -1,000000 -101,000000 0,000000 0,000000
417 1646087504 0,200000 -1,000000 -101,000000 0,000000 0,000000
417 1646087505 0,200000 -1,000000 -101,000000 0,000000 0,000000
417 1646087506 0,200000 -1,000000 -101,000000 0,000000 0,000000
417 1646087507 0,200000 -1,000000 -101,000000 0,000000 0,000000
417 1646087578 0,200000 -1,000000 -101,000000 0,000000 0,000000
417 1646087579 0,200000 -1,000000 -101,000000 0,000000 0,000000
417 1646087580 0,200000 -1,000000 -101,000000 0,000000 0,000000
417 1646087581 0,200000 -1,000000 -101,000000 0,000000 0,000000
417 1646087582 0,200000 -1,000000 -101,000000 0,000000 0,000000
417 1646087593 0,200000 -1,000000 -101,000000 0,000000 0,000000
417 1646087594 0,200000 -1,000000 -101,000000 0,000000 0,000000
417 1646087595 0,200000 -1,000000 -101,000000 0,000000 0,000000
417 1646087596 0,200000 -1,000000 -101,000000 0,000000 0,000000
417 1646087597 0,200000 -1,000000 -101,000000 0,000000 0,000000
417 1646087598 0,200000 -1,000000 -101,000000 0,000000 0,000000
417 1646087599 0,200000 -1,000000 -101,000000 0,000000 0,000000
417 1646087600 0,200000 -1,000000 -101,000000 0,000000 0,000000
417 1646087601 0,200000 -1,000000 -101,000000 0,000000 0,000000
417 1646087602 0,200000 -1,000000 -101,000000 0,000000 0,000000
417 1646087653 0,200000 -1,000000 -101,000000 0,000000 0,000000
417 1646087654 0,200000 -1,000000 -101,000000 0,000000 0,000000
417 1646087655 0,200000 -1,000000 -101,000000 0,000000 0,000000
417 1646087656 0,200000 -1,000000 -101,000000 0,000000 0,000000
417 1646087657 0,200000 -1,000000 -101,000000 0,000000 0,000000
417 1646087723 0,200000 -1,000000 -101,000000 0,000000 0,000000
417 1646087724 0,200000 -1,000000 -101,000000 0,000000 0,000000
417 1646087725 0,200000 -1,000000 -101,000000 0,000000 0,000000
417 1646087726 0,200000 -1,000000 -101,000000 0,000000 0,000000
417 1646087727 0,200000 -1,000000 -101,000000 0,000000 0,000000
417 1646087738 0,200000 -1,000000 -101,000000 0,000000 0,000000
417 1646087739 0,200000 -1,000000 -101,000000 0,000000 0,000000
417 1646087740 0,200000 -1,000000 -101,000000 0,000000 0,000000
417 1646087741 0,200000 -1,000000 -101,000000 0,000000 0,000000
417 1646087742 0,200000 -1,000000 -101,000000 0,000000 0,000000
417 1646087768 0,200000 -1,000000 -101,000000 0,000000 0,000000
417 1646087769 0,200000 -1,000000 -101,000000 0,000000 0,000000
417 1646087770 0,200000 -1,000000 -101,000000 0,000000 0,000000
417 1646087771 0,200000 -1,000000 -101,000000 0,000000 0,000000
417 1646087772 0,200000 -1,000000 -101,000000 0,000000 0,000000
417 1646087798 0,200000 -1,000000 -101,000000 0,000000 0,000000
417 1646087799 0,200000 -1,000000 -101,000000 0,000000 0,000000
417 1646087800 0,200000 -1,000000 -101,000000 0,000000 0,000000
417 1646087801 0,200000 -1,000000 -101,000000 0,000000 0,000000
417 1646087802 0,200000 -1,000000 -101,000000 0,000000 0,000000
417 1646087833 0,200000 -1,000000 -101,000000 0,000000 0,000000
417 1646087834 0,200000 -1,000000 -101,000000 0,000000 0,000000
417 1646087835 0,200000 -1,000000 -101,000000 0,000000 0,000000
417 1646087836 0,200000 -1,000000 -101,000000 0,000000 0,000000
417 1646087837 0,200000 -1,000000 -101,000000 0,000000 0,000000
417 1646087873 0,600000 -1,000000 -101,000000 0,000000 0,000000
417 1646087874 0,600000 -1,000000 -101,000000 0,000000 0,000000
417 1646087875 0,600000 -1,000000 -101,000000 0,000000 0,000000
417 1646087876 0,600000 -1,000000 -101,000000 0,000000 0,000000
417 1646087877 0,600000 -1,000000 -101,000000 0,000000 0,000000
417 1646087928 0,200000 -1,000000 -101,000000 0,000000 0,000000
417 1646087929 0,200000 -1,000000 -101,000000 0,000000 0,000000
417 1646087930 0,200000 -1,000000 -101,000000 0,000000 0,000000
417 1646087931 0,200000 -1,000000 -101,000000 0,000000 0,000000
417 1646087932 0,200000 -1,000000 -101,000000 0,000000 0,000000
417 1646087953 0,200000 -1,000000 -101,000000 0,000000 0,000000
417 1646087954 0,200000 -1,000000 -101,000000 0,000000 0,000000
417 1646087955 0,200000 -1,000000 -101,000000 0,000000 0,000000
417 1646087956 0,200000 -1,000000 -101,000000 0,000000 0,000000
417 1646087957 0,200000 -1,000000 -101,000000 0,000000 0,000000
417 1646088023 0,200000 -1,000000 -101,000000 0,000000 0,000000
417 1646088024 0,200000 -1,000000 -101,000000 0,000000 0,000000
417 1646088025 0,200000 -1,000000 -101,000000 0,000000 0,000000
417 1646088026 0,200000 -1,000000 -101,000000 0,000000 0,000000
417 1646088027 0,200000 -1,000000 -101,000000 0,000000 0,000000
417 1646088133 0,600000 -1,000000 -101,000000 0,000000 0,000000
417 1646088134 0,600000 -1,000000 -101,000000 0,000000 0,000000
417 1646088135 0,600000 -1,000000 -101,000000 0,000000 0,000000
417 1646088136 0,600000 -1,000000 -101,000000 0,000000 0,000000
417 1646088137 0,600000 -1,000000 -101,000000 0,000000 0,000000
417 1646088143 0,200000 -1,000000 -101,000000 0,000000 0,000000
417 1646088144 0,200000 -1,000000 -101,000000 0,000000 0,000000
417 1646088145 0,200000 -1,000000 -101,000000 0,000000 0,000000
417 1646088146 0,200000 -1,000000 -101,000000 0,000000 0,000000
417 1646088147 0,200000 -1,000000 -101,000000 0,000000 0,000000
417 1646088158 0,200000 -1,000000 -101,000000 0,000000 0,000000
417 1646088159 0,200000 -1,000000 -101,000000 0,000000 0,000000
417 1646088160 0,200000 -1,000000 -101,000000 0,000000 0,000000
417 1646088161 0,200000 -1,000000 -101,000000 0,000000 0,000000
417 1646088162 0,200000 -1,000000 -101,000000 0,000000 0,000000
417 1646088163 0,200000 -1,000000 -101,000000 0,000000 0,000000
417 1646088164 0,200000 -1,000000 -101,000000 0,000000 0,000000
417 1646088165 0,200000 -1,000000 -101,000000 0,000000 0,000000
417 1646088166 0,200000 -1,000000 -101,000000 0,000000 0,000000
417 1646088167 0,200000 -1,000000 -101,000000 0,000000 0,000000
417 1646088313 0,200000 -1,000000 -101,000000 0,000000 0,000000
417 1646088314 0,200000 -1,000000 -101,000000 0,000000 0,000000
417 1646088315 0,200000 -1,000000 -101,000000 0,000000 0,000000
417 1646088316 0,200000 -1,000000 -101,000000 0,000000 0,000000
417 1646088317 0,200000 -1,000000 -101,000000 0,000000 0,000000
417 1646088333 0,200000 -1,000000 -101,000000 0,000000 0,000000
417 1646088334 0,200000 -1,000000 -101,000000 0,000000 0,000000
417 1646088335 0,200000 -1,000000 -101,000000 0,000000 0,000000
417 1646088336 0,200000 -1,000000 -101,000000 0,000000 0,000000
417 1646088337 0,200000 -1,000000 -101,000000 0,000000 0,000000
417 1646088413 0,200000 -1,000000 -101,000000 0,000000 0,000000
417 1646088414 0,200000 -1,000000 -101,000000 0,000000 0,000000
417 1646088415 0,200000 -1,000000 -101,000000 0,000000 0,000000
417 1646088416 0,200000 -1,000000 -101,000000 0,000000 0,000000
417 1646088417 0,200000 -1,000000 -101,000000 0,000000 0,000000
417 1646088418 0,200000 -1,000000 -101,000000 0,000000 0,000000
417 1646088419 0,200000 -1,000000 -101,000000 0,000000 0,000000
417 1646088420 0,200000 -1,000000 -101,000000 0,000000 0,000000
417 1646088421 0,200000 -1,000000 -101,000000 0,000000 0,000000
417 1646088422 0,200000 -1,000000 -101,000000 0,000000 0,000000
417 1646088433 0,200000 -1,000000 -101,000000 0,000000 0,000000
417 1646088434 0,200000 -1,000000 -101,000000 0,000000 0,000000
417 1646088435 0,200000 -1,000000 -101,000000 0,000000 0,000000
417 1646088436 0,200000 -1,000000 -101,000000 0,000000 0,000000
417 1646088437 0,200000 -1,000000 -101,000000 0,000000 0,000000
417 1646088448 0,200000 -1,000000 -101,000000 0,000000 0,000000
417 1646088449 0,200000 -1,000000 -101,000000 0,000000 0,000000
417 1646088450 0,200000 -1,000000 -101,000000 0,000000 0,000000
417 1646088451 0,200000 -1,000000 -101,000000 0,000000 0,000000
417 1646088452 0,200000 -1,000000 -101,000000 0,000000 0,000000
417 1646088453 0,200000 -1,000000 -101,000000 0,000000 0,000000
417 1646088454 0,200000 -1,000000 -101,000000 0,000000 0,000000
417 1646088455 0,200000 -1,000000 -101,000000 0,000000 0,000000
417 1646088456 0,200000 -1,000000 -101,000000 0,000000 0,000000
417 1646088457 0,200000 -1,000000 -101,000000 0,000000 0,000000
417 1646088558 0,200000 -1,000000 -101,000000 0,000000 0,000000
417 1646088559 0,200000 -1,000000 -101,000000 0,000000 0,000000
417 1646088560 0,200000 -1,000000 -101,000000 0,000000 0,000000
417 1646088561 0,200000 -1,000000 -101,000000 0,000000 0,000000
417 1646088562 0,200000 -1,000000 -101,000000 0,000000 0,000000
417 1646088583 0,200000 -1,000000 -101,000000 0,000000 0,000000
417 1646088584 0,200000 -1,000000 -101,000000 0,000000 0,000000
417 1646088585 0,200000 -1,000000 -101,000000 0,000000 0,000000
417 1646088586 0,200000 -1,000000 -101,000000 0,000000 0,000000
417 1646088587 0,200000 -1,000000 -101,000000 0,000000 0,000000
417 1646088698 0,400000 -1,000000 -101,000000 0,000000 0,000000
417 1646088699 0,400000 -1,000000 -101,000000 0,000000 0,000000
417 1646088700 0,400000 -1,000000 -101,000000 0,000000 0,000000
417 1646088701 0,400000 -1,000000 -101,000000 0,000000 0,000000
417 1646088702 0,400000 -1,000000 -101,000000 0,000000 0,000000
417 1646088703 0,200000 -1,000000 -101,000000 0,000000 0,000000
417 1646088704 0,200000 -1,000000 -101,000000 0,000000 0,000000
417 1646088705 0,200000 -1,000000 -101,000000 0,000000 0,000000
417 1646088706 0,200000 -1,000000 -101,000000 0,000000 0,000000
417 1646088707 0,200000 -1,000000 -101,000000 0,000000 0,000000
417 1646088763 0,200000 -1,000000 -101,000000 0,000000 0,000000
417 1646088764 0,200000 -1,000000 -101,000000 0,000000 0,000000
417 1646088765 0,200000 -1,000000 -101,000000 0,000000 0,000000
417 1646088766 0,200000 -1,000000 -101,000000 0,000000 0,000000
417 1646088767 0,200000 -1,000000 -101,000000 0,000000 0,000000
417 1646088898 0,200000 -1,000000 -101,000000 0,000000 0,000000
417 1646088899 0,200000 -1,000000 -101,000000 0,000000 0,000000
417 1646088900 0,200000 -1,000000 -101,000000 0,000000 0,000000
417 1646088901 0,200000 -1,000000 -101,000000 0,000000 0,000000
417 1646088902 0,200000 -1,000000 -101,000000 0,000000 0,000000
417 1646088903 0,200000 -1,000000 -101,000000 0,000000 0,000000
417 1646088904 0,200000 -1,000000 -101,000000 0,000000 0,000000
417 1646088905 0,200000 -1,000000 -101,000000 0,000000 0,000000
417 1646088906 0,200000 -1,000000 -101,000000 0,000000 0,000000
417 1646088907 0,200000 -1,000000 -101,000000 0,000000 0,000000
417 1646088908 0,200000 -1,000000 -101,000000 0,000000 0,000000
417 1646088909 0,200000 -1,000000 -101,000000 0,000000 0,000000
417 1646088910 0,200000 -1,000000 -101,000000 0,000000 0,000000
417 1646088911 0,200000 -1,000000 -101,000000 0,000000 0,000000
417 1646088912 0,200000 -1,000000 -101,000000 0,000000 0,000000
417 1646088933 0,200000 -1,000000 -101,000000 0,000000 0,000000
417 1646088934 0,200000 -1,000000 -101,000000 0,000000 0,000000
417 1646088935 0,200000 -1,000000 -101,000000 0,000000 0,000000
417 1646088936 0,200000 -1,000000 -101,000000 0,000000 0,000000
417 1646088937 0,200000 -1,000000 -101,000000 0,000000 0,000000
417 1646088943 0,200000 -1,000000 -101,000000 0,000000 0,000000
417 1646088944 0,200000 -1,000000 -101,000000 0,000000 0,000000
417 1646088945 0,200000 -1,000000 -101,000000 0,000000 0,000000
417 1646088946 0,200000 -1,000000 -101,000000 0,000000 0,000000
417 1646088947 0,200000 -1,000000 -101,000000 0,000000 0,000000
417 1646088983 0,400000 -1,000000 -101,000000 0,000000 0,000000
417 1646088984 0,400000 -1,000000 -101,000000 0,000000 0,000000
417 1646088985 0,400000 -1,000000 -101,000000 0,000000 0,000000
417 1646088986 0,400000 -1,000000 -101,000000 0,000000 0,000000
417 1646088987 0,400000 -1,000000 -101,000000 0,000000 0,000000
